170
2852
4071
2654
3655
3942
282
3449
14
4360
2113
1760
335
1205
3565
20
4439
3606
2784
3629
4025
988
2100
4946
1083
1558
1900
4996
4962
168
4785
4208
552
3584
2418
1098
1177
4986
4509
2617
811
4084
3455
2673
1952
2687
2586
2664
2976
787
4116
4236
4066
3351
3759
209
1671
4406
897
3526
4949
2997
4642
4500
4667
4588
4442
2078
3772
1783
2155
4969
2933
2040
2423
536
3260
1946
2630
4441
2818
1622
2623
4516
4751
1822
1452
2539
3760
4760
2322
3458
906
4452
1533
2863
1100
2276
2407
2231
37
3889
2794
4951
3769
1448
1015
3047
1399
1370
2568
2650
171
3020
5
1415
2781
1534
3751
2380
4530
2893
2800
3797
3524
3789
3931
3270
1127
4400
3602
4322
1001
3160
705
4271
527
2704
2659
4411
4956
514
3599
2281
303
364
4590
1557
4017
3372
2325
39
4246
1181
172
1757
3259
4615
1269
2215
1126
3617
1310
60
3310
1894
649
2536
277
3281
2769
1447
150
2081
4056
4054
289
736
3951
3766
2437
3763
846
398
3290
874
2173
3886
3155
688
3890
2182
4270
1950
2098
2713
1307
755
546
1315
224
506
2006
300
4156
2937
3489
1897
1486
1909
4556
4586
3000
2406
4459
4717
1069
2533
3193
3138
1360
3478
1410
4035
2442
2846
1296
4832
967
3791
395
2457
2954
1439
2964
1871
104
3919
3456
4931
709
2454
4659
4049
1345
3866
827
3388
602
1546
3579
4999
3949
2458
3950
2746
3656
2135
2599
1788
572
4616
2012
949
1268
3739
2988
2375
3862
1805
3361
2743
3
308
3202
2849
3749
131
860
820
1217
3389
1908
815
3972
4553
2674
1023
4399
2034
4042
4102
4487
2238
4569
3332
1770
1943
3893
3944
4391
3135
1470
1623
3834
201
2791
3798
4290
2671
3049
2449
3048
3593
4127
4747
2718
1959
3067
845
2622
3494
4574
3904
2605
379
4059
734
1721
653
1907
689
4327
607
4371
3050
1312
4954
2948
1749
1560
4889
3669
4853
3568
3747
4384
3642
405
2348
4501
3761
4506
2323
701
2211
1787
2875
918
4169
3870
1759
2790
939
1739
2280
241
1011
1178
3011
765
4266
3457
1827
1122
2609
547
3205
3612
3163
2684
2473
2127
4523
1875
772
325
3704
4547
2093
3592
2068
297
175
1984
4529
3406
1763
3572
599
910
3611
1976
472
2501
4990
1775
2690
4779
4909
1657
4032
3716
2961
2575
4890
3708
292
1786
4662
877
4336
2047
1737
4273
524
3428
1848
983
1009
2898
4413
3219
2667
898
1285
3103
3425
929
2506
2209
4968
4522
1606
3042
2653
1896
2324
4741
1246
1526
3244
4150
2035
4756
1113
1621
197
2556
4479
3151
4883
237
4641
1873
1521
4038
3557
2696
284
2397
2827
922
2112
2455
4250
3909
885
1734
2050
1322
611
532
4640
3220
3511
1712
3365
4342
1457
2488
4349
2770
2787
2860
4217
2194
343
3501
1769
2268
2999
32
4983
1152
2899
3320
3966
4405
1169
683
2060
4369
4619
276
4483
639
1179
1531
3157
1284
2895
1798
1474
2663
1241
1441
245
1554
1135
4080
1405
864
3294
231
4718
3671
2680
1235
3075
4162
187
3338
1855
2952
2433
3254
2289
4775
2028
4922
2848
3170
1937
3560
1692
3184
836
1902
1633
1195
1341
822
1966
715
2914
2010
3505
4120
2181
263
1059
783
390
1774
2565
2052
2514
1283
4172
2308
1604
1082
503
650
488
1912
2443
4527
837
854
3697
2558
3070
4181
640
3381
3324
4868
3470
3827
3802
1239
4073
3801
1252
1183
4661
2065
1258
3958
182
2468
1719
3153
3878
2965
4382
87
4387
3784
1471
2876
110
549
1495
2257
1382
315
1643
858
3569
4094
416
4421
2760
2075
2702
1941
3144
3864
4802
1632
4064
218
1813
3073
122
4979
1214
4573
1877
1272
81
3809
1613
2111
454
2311
2840
458
1778
4279
1702
1165
285
420
4833
2592
2942
1825
4141
4232
57
3746
2247
1499
3194
4916
84
2590
4943
2872
2798
2843
2971
1366
3089
2061
3549
4345
2496
2817
733
4014
2076
2147
4221
4740
1475
4301
2459
44
4465
457
551
2505
3378
952
2925
654
517
1928
1114
2227
2313
3095
1106
1872
91
1893
1140
3670
3440
3005
66
4816
203
570
4857
24
1133
4960
4721
3853
752
1061
3197
394
1981
1602
4624
95
4286
1104
1346
4568
1971
3778
2900
3860
3201
2822
1565
3019
2386
4106
4292
807
1224
2293
433
3341
4753
4992
2930
2585
1658
4872
4103
3508
2636
723
3172
1450
4200
99
2598
4277
1864
2446
3873
908
1088
2106
4463
887
234
2191
891
998
3203
1991
4536
2363
162
3309
4015
4786
4923
244
1949
2304
3363
669
3498
1607
1216
3509
1262
863
920
3445
4007
4953
1630
161
2041
1975
4332
3982
3977
4430
4974
3583
3585
4557
4297
2896
4781
4656
4029
2051
2492
1726
1129
4690
4276
2627
2707
1535
2120
4495
496
965
42
4517
4422
1882
4185
3562
332
4614
3434
3086
362
4511
3728
4858
3742
4807
4907
378
3134
1039
4303
7
280
631
1279
2815
2021
4637
2424
3561
2826
1353
3125
4453
4518
2928
728
684
2464
1655
3429
3726
1969
147
2678
2140
802
925
3627
2255
989
4481
2005
711
1651
3639
1094
1829
2515
1187
541
3984
1752
1536
3714
3196
338
4036
4704
966
1317
3921
4257
768
4550
1092
670
2923
1502
1062
4105
2924
720
3323
3740
2723
757
417
1653
3750
2158
518
866
3995
4904
801
422
3288
324
336
342
3414
4259
3207
3491
3035
1311
2626
3948
2177
722
236
3486
4792
317
461
2315
2195
1741
4849
978
3957
1210
4440
2301
77
151
1957
144
222
1186
2607
1772
1497
1298
2145
1781
4174
1
3790
1569
778
2507
1717
3245
2697
320
3610
4251
486
3072
2369
2980
2485
852
1060
3371
1270
2582
3832
4472
2728
1552
1803
4580
192
4350
2934
2444
3400
4738
604
4583
4131
2330
68
331
3795
4560
